time,x,y,z,phi,theta,psi,x_velocity,y_velocity,z_velocity,phi_velocity,theta_velocity,psi_velocity,rotor_speed1,rotor_speed2,rotor_speed3,rotor_speed4
0.06,-8.515086409394523e-07,1.1277658708577872e-06,10.003570361186174,0.0006147596342067629,0.0004641704634789079,0.0,-6.082194077393058e-05,8.055453128274955e-05,0.11900628516265871,0.020492270895305895,0.015472664978389714,0.0,442.20732789282687,443.479747787939,442.09143424834264,443.776326829741
0.12000000000000001,-2.533905401949164e-05,3.3253104575718976e-05,10.022546520114654,0.0028041213622973515,0.0022080895096312503,0.0,-0.0009697241219131706,0.001262427590369544,0.5134395062678818,0.052483986457961665,0.0426565841052005,0.0,520.5640508463266,522.4625090813919,521.523051916828,523.7526677410356
0.18,-0.00015083111383368852,0.00019266266736044207,10.06076807652799,0.005370651791137604,0.00479701250153397,0.0,-0.0035322265456044864,0.0043924931933317,0.7604784378029431,0.03306972473123422,0.043640724451530256,0.0,482.1821963156912,482.2573898083479,481.73748379984795,480.26854679725193
0.23999999999999996,-0.0004714050980949503,0.0005762047321878873,10.1095162649186,0.007783495334380497,0.006799864988024318,0.0,-0.007379700062604254,0.00862466982530794,0.8643851995006173,0.047356831520757675,0.02312318289447765,0.0,439.9690917166686,438.2679815275009,437.79121380846817,438.97893698554276
0.3,-0.0010696409989445976,0.0012786900629922211,10.166005993303655,0.010534930036192769,0.007246933072397432,0.0,-0.012644298537283933,0.015096446227840633,1.0184775057859694,0.044358084707438454,-0.00822064721968766,0.0,456.16339827077564,453.6538225315194,454.26179050636307,454.0225152763612
0.36000000000000004,-0.001989130178180825,0.0024324424198665416,10.231878817883905,0.013554415072913883,0.0069459456924914065,0.0,-0.017963865187377675,0.023681293645982184,1.177129663257253,0.05628962961816675,-0.0018121517212119896,0.0,456.3287947105485,456.8401090993274,455.3411504164724,456.295925988168
0.4200000000000001,-0.003229562443611453,0.004186528899806458,10.308268071290733,0.01748143341810593,0.007023910895786578,0.0,-0.023384252840137103,0.03521799242551725,1.3689621803657783,0.07460723267218125,0.004411230047153474,0.0,465.4922725294487,465.97896533896096,466.6133798334387,468.04364768921624
0.48000000000000015,-0.004794443178901659,0.00671479485994224,10.395478458048892,0.021422488854812016,0.007805988564543398,0.0,-0.028845343755604425,0.049515775389343784,1.5378291859433582,0.05676538660701793,0.02165805833851835,0.0,459.8287518570456,461.192751514004,460.42121439584554,459.0110250414733
0.5400000000000001,-0.006654879866044534,0.010044600669349193,10.486358307511233,0.024862698215793344,0.008227337355434017,0.0,-0.03322711702324794,0.06175454985711689,1.491553799143084,0.0579080428361977,-0.007612819019445528,0.0,391.78407792465975,389.0532328418474,390.0272580069421,390.13669727542987
0.6000000000000002,-0.008839910266785494,0.014355573217219355,10.581909446468627,0.028681554000025145,0.006893009497678015,0.0,-0.03948309250236789,0.08237086443941952,1.6931963549478541,0.06938483300048479,-0.03686401747213788,0.0,471.8771146988237,469.6138619749293,469.3601790866713,470.25247879712833
0.6600000000000003,-0.011354642135975155,0.019953061621119417,10.68810017349434,0.03262960091194689,0.005378370989583381,0.0,-0.04414786037637247,0.10464654654095029,1.8462466883171695,0.062218333753473035,-0.013625640329893014,0.0,455.5268522329546,457.38095447110675,456.4276800870633,455.8586524150932
0.7200000000000003,-0.014134161586605078,0.02706472197214641,10.806189000898794,0.03662821343089995,0.004557296214929174,0.0,-0.048399626309417076,0.13287646957268015,2.089617624359684,0.07106685229984112,-0.01374351769544581,0.0,483.57934551109156,483.5705978167687,483.2405486032181,483.9098039046486
0.7800000000000004,-0.01714169031079029,0.03594391826576982,10.93809276760331,0.041563301045208334,0.0022409331111576947,0.0,-0.05163249598136536,0.16364302906866118,2.3067391868236964,0.09343007843443844,-0.0634647639753649,0.0,478.21843788356955,474.41575384145926,476.52573455282743,478.236569808883
0.8400000000000004,-0.02027722819439063,0.046752775938880727,11.082095482816518,0.046743276716137316,6.282478896001883,0.0,-0.05251357674576012,0.19724582722699907,2.4929347870878327,0.0792401590124332,-0.034784945124998155,0.0,467.4720937497506,469.6996815000224,469.2431783090831,468.1465078807408
0.9000000000000005,-0.023409542820643035,0.059479931777743786,11.232724656529715,0.0520694904949055,6.281534119567414,0.0,-0.051774462594213776,0.2274627180864895,2.5279336858753103,0.09829459291020398,0.00329057850774862,0.0,420.7226925925448,424.00629240774856,421.20823457831557,422.85933262815894
0.9600000000000005,-0.026482608726299525,0.07419995372045698,11.386891686791351,0.0582534253339535,6.2811872341573896,0.0,-0.050644902732970336,0.26379930914209876,2.6107431947940998,0.10783312103315164,-0.014853902413721039,0.0,438.33344729253315,436.82304927508073,437.9185643784309,438.7203350677693
1.0200000000000005,-0.02947389933927921,0.09134493384942365,11.548007173054552,0.0649470532634373,6.280514407403157,0.0,-0.048984014301483456,0.3084006737149046,2.7593742589966546,0.11528486526862002,-0.007573706884881072,0.0,459.37757478719544,459.95461421422533,457.8804593339763,458.48324911074906
1.0800000000000005,-0.03236165424699251,0.11107323941858384,11.71438227854989,0.07181170390171321,6.279800013921296,0.0,-0.047217324031805334,0.3498310476792276,2.786345827481706,0.11353754776595855,-0.01623939395987412,0.0,421.1824367931303,420.43240821732763,421.6144817151267,421.47601410821653
1.1400000000000006,-0.035108501021217604,0.13382227579738643,11.887963104461214,0.07816060489527743,6.278674128403459,0.0,-0.04421829845707447,0.4092001325328651,2.9990772074980803,0.09809844681544713,-0.021289984904758683,0.0,479.450450215261,479.06666799427296,479.54978757563407,478.3850505176414
1.2000000000000006,-0.037647453357457165,0.16032340019075764,12.07479691876129,0.08451375359481439,6.278630979500035,0.0,-0.04036115456841947,0.4748682292610077,3.228020905627455,0.11366748879872356,0.019852036905481027,0.0,482.66898871905653,485.76404585170036,485.2596679841747,486.4352670066115
1.2600000000000007,-0.03997433078434406,0.1907068322477045,12.272845568494567,0.09090687615863047,6.280294108149462,0.0,-0.03736733317842363,0.5385828524765846,3.373102643197966,0.09944213469830529,0.03558468823240189,0.0,460.8083167961107,462.05042801321866,462.43174422257744,461.3197923434505
1.3200000000000007,-0.04216644220927637,0.22490902330110288,12.478047465012226,0.09707121285541209,6.283167177374095,0.0,-0.035970096779491874,0.6020751965205475,3.4666021811146703,0.10603337388407545,0.06018103737903556,0.0,444.9737297189858,446.9839097902744,447.30805543572507,447.85337999279466
1.3800000000000008,-0.044335911943781905,0.26283161213011696,12.686652616046173,0.10376305071812375,0.0031384370378173543,0.0,-0.03664512433188423,0.662592362597952,3.4867581528298404,0.11702354979839785,0.04504056044680003,0.0,423.88223288784144,422.5812782277466,424.17018928734893,425.12424109828186
1.4400000000000008,-0.046611952992681185,0.30480463850548734,12.899249300261005,0.11166475770074413,0.006005576621093134,0.0,-0.03951505662688646,0.7372538713986144,3.599332038711309,0.14635317139896248,0.050529969827804375,0.0,453.24794668142624,453.6901908547371,453.0131593274048,455.37985666733044
1.5000000000000009,-0.049108910526934696,0.3512140568171621,13.116694335292916,0.12091744798223569,0.00875258719561156,0.0,-0.04398576820644422,0.8105592169529402,3.648542114845111,0.16206103640844624,0.041038443793398154,0.0,435.62602603001204,434.83299189396746,433.73656890960876,435.0760633253875
1.560000000000001,-0.05194825191459085,0.40247565876924873,13.339305094804983,0.13047367962438639,0.012320115017458555,0.0,-0.050994229363713346,0.8991123374079784,3.7712413210751756,0.15648332550449687,0.07787292691573672,0.0,457.3365165325176,460.26304752384345,458.6453856074331,458.2256930623281
1.620000000000001,-0.0553208892370559,0.45953955918317674,13.571417146365514,0.13958114949110012,0.01723095489360027,0.0,-0.061981920040190285,1.003980205162168,3.9649616736069055,0.1471042954911926,0.08581954865365252,0.0,481.20764224115067,481.8135237246618,481.05374500990985,480.3632462339313
1.680000000000001,-0.059386317430119406,0.522452549061969,13.810521600927252,0.1488149624362487,0.022383139938884078,0.0,-0.074013083504171,1.0939282981438676,4.004857266087038,0.1606818607836457,0.08591992289682626,0.0,436.0219064054707,436.0365193713373,434.47412517563623,435.63327972141826
1.740000000000001,-0.06435947921556914,0.5914986259153742,14.055701604468057,0.1580289898569358,0.027602554840560956,0.0,-0.09232771876103973,1.208535105887277,4.166976820274779,0.1464605608904308,0.08805993210684986,0.0,473.47790138660304,473.6482185353459,475.49083403281884,474.42136623227896
1.8000000000000012,-0.07042313759597163,0.666906136023701,14.30612609692009,0.16618312043713512,0.033488726842672456,0.0,-0.11030408544729914,1.30575913302745,4.180247258517623,0.12535460344234287,0.10813907339884159,0.0,428.6063267058839,430.3176116102333,430.1052618234037,428.3327007362702
1.8600000000000012,-0.07775304428061201,0.7486605240680069,14.55953072105527,0.17311305273386868,0.03944928396050695,0.0,-0.13463325179740174,1.420009438267459,4.266023419966981,0.10565159098713006,0.09055255180800428,0.0,455.0595212300999,453.65829461766594,452.8561836984608,451.28086236671385
1.9200000000000013,-0.08675784369774385,0.8378145264270014,14.820393692529146,0.179572622754808,0.044734399171862727,0.0,-0.16609878390246646,1.552351294064399,4.4285293872559635,0.10966588301631475,0.08561947803932207,0.0,478.27264872380624,477.9027285512345,477.30183730328264,477.6173041473357
1.9800000000000013,-0.09793326281292075,0.9356923112141017,15.0944906635982,0.18599455885854166,0.04957776253912982,0.0,-0.20700069259416431,1.7108139371785613,4.706600172283127,0.10440066349927535,0.07582871192857413,0.0,513.0532241146992,512.362079143438,512.9552421941365,512.5897172752199
2.0400000000000014,-0.11136763051047623,1.0420528470167634,15.378979526102698,0.19203637302940635,0.0542166892330167,0.0,-0.24124681321056804,1.8350236098238026,4.77581290356913,0.09699582129305045,0.07880139859476301,0.0,453.89285218132625,454.1359252218765,454.2229495864291,453.637421055263
2.1000000000000014,-0.12706696297206618,1.1563901587332077,15.669710112899404,0.19734410251436518,0.057726940748817235,0.0,-0.28245171299808497,1.9766292035003954,4.914329248950275,0.07993392243773056,0.03821570807932084,0.0,477.63272224882877,474.5299290000088,477.35702526257336,476.0595157378241
2.1600000000000015,-0.1450173356869918,1.278342152458656,15.963818468315218,0.2014024314198295,0.059902253661456406,0.0,-0.31608142599664796,2.0887546393709155,4.889190806457015,0.055349700618214655,0.034295136734046494,0.0,426.5455840974415,426.21127511820407,427.3454069821937,425.24860140532604
2.2200000000000015,-0.16546558402456235,1.4085477185376296,16.263582498754285,0.2044014391890725,0.06243659825916392,0.0,-0.3657450737133979,2.2515226969759987,5.101738817074127,0.04461893929758327,0.05018124638781406,0.0,499.4480735908579,500.60612898476586,500.4190955429235,499.63868010952166
2.2800000000000016,-0.18881414883253433,1.5481086124881995,16.573820054055282,0.20683511953450484,0.0658133597535393,0.0,-0.412845508692758,2.4005562679067354,5.238640924148047,0.036504727996214154,0.06237538713915183,0.0,479.45794234602704,480.3853607858095,480.93121430318496,480.3169476305748
2.3400000000000016,-0.21456128408763397,1.6950912831814149,16.884838655619795,0.20876790066192008,0.06957850986780834,0.0,-0.44569178133205406,2.4990329418255417,5.12900222430383,0.027922117064676632,0.06312945889757748,0.0,401.32683606723396,401.3985829238954,402.86292740540887,402.0865602361474
2.4000000000000017,-0.24268541447375197,1.849029899830844,17.194145444740236,0.20992511737402797,0.07349314170843968,0.0,-0.49212602995319044,2.6322279933446584,5.1807863422272975,0.010652555808050499,0.06735736784045131,0.0,455.39833161104275,455.73939230875783,455.585331565151,454.20222373228154
2.4600000000000017,-0.27369347910611963,2.0110268978474033,17.506838312315868,0.21094416077168354,0.07664572200726116,0.0,-0.5417814962102303,2.767587576476878,5.2418304182763515,0.023315353362627793,0.03773412099348139,0.0,460.4618361383693,458.11419934765223,458.299978014045,459.305416695102
2.520000000000002,-0.3076056337695811,2.180790108812197,17.821498980868846,0.21223418913507786,0.07900834252731048,0.0,-0.5888200096415581,2.8911884428272234,5.246654106854415,0.01968575864347138,0.04101952816005007,0.0,442.462073964542,442.7332727538025,441.80872673839,441.50933324063465
2.580000000000002,-0.3444123832642118,2.3580511128979587,18.13679056893263,0.21364813959865625,0.08164207363352549,0.0,-0.6382893888658743,3.0174979087673472,5.262796841874285,0.027445564446872964,0.04677077213156216,0.0,446.47722307984486,446.9472998829477,445.4478529685935,446.08211034982145
2.640000000000002,-0.3842556102629516,2.5429469310779655,18.453249245779233,0.21625642334762407,0.0850184838667456,0.0,-0.6900903159020887,3.1457564162747174,5.285484544933142,0.05949373833737458,0.06577303748136265,0.0,447.7667179136912,449.31207331724556,448.0606854536899,450.659887364712
2.700000000000002,-0.4270418776227748,2.7349935239347873,18.76842195009263,0.21968014656846346,0.08904474454641598,0.0,-0.7364500050263748,3.2560129110382556,5.220346044553243,0.05463128752195951,0.06843505570836413,0.0,419.56506918370786,419.79977022650615,421.81729684969065,421.3996085786289
2.760000000000002,-0.47289066970789806,2.934215886009227,19.082014070323826,0.22332355475857035,0.09286663006603302,0.0,-0.7921774351362009,3.384896371125169,5.232379578874982,0.06681333059098653,0.05896318166149396,0.0,446.05475770959146,445.2835591120488,446.21314544988303,447.2091102534598
2.820000000000002,-0.5223256462391255,3.14163259127517,19.39810977973072,0.22854534669340065,0.09637671862093988,0.0,-0.8559525681326514,3.529238882019007,5.303429187596062,0.10723528648425566,0.05803994505775324,0.0,465.2529224440056,465.18284866951626,464.53271587181143,467.6972466195269
2.880000000000002,-0.5755304378844194,3.357498982722616,19.717143632667476,0.23498126357538673,0.10065111679869343,0.0,-0.9178777497835068,3.666712317693894,5.330477184076258,0.10729525343331213,0.08443412295148746,0.0,452.6848229330128,454.8074613069065,453.0329070061015,453.04758928749334
2.940000000000002,-0.6324436322555768,3.5814995742038604,20.036876330794918,0.2413856471450675,0.10613616509969592,0.0,-0.9796790539851168,3.800371140384852,5.326861670392784,0.106184623184014,0.09839647400347691,0.0,443.73606511460764,444.88764108296937,445.15424820578187,445.0733484323714
3.000000000000002,-0.6934730480249152,3.8142996859097695,20.359143943800486,0.24720525461617537,0.11093854719388929,0.0,-1.0550844216067825,3.9599365732372354,5.414444617100022,0.0878087764202356,0.06169385207219891,0.0,476.47682434277016,473.6677597195654,474.56547482373963,473.16059030571694
3.0600000000000023,-0.7587672790450746,4.055992178117851,20.683570628210756,0.25344520654549996,0.11467424904496148,0.0,-1.1216944150725658,4.0968173189108485,5.399418380360517,0.1201783253978742,0.06282931120931243,0.0,443.6107099907115,443.70673552974426,442.7569447556354,445.421127627258
3.1200000000000023,-0.8277524238118488,4.305178339366054,21.00395916531595,0.2601903465709583,0.11758095039175753,0.0,-1.178084473825365,4.209846346682619,5.28040262712421,0.10466613319782417,0.03406566158366059,0.0,410.767330324411,408.2101374554016,409.48511790040124,408.1156076568628
3.1800000000000024,-0.9004417960704909,4.561826269679089,21.3194645896098,0.2660541666347429,0.12034404582068525,0.0,-1.2451016607622243,4.34542531483382,5.236233971361355,0.09079946356776661,0.058034514175966945,0.0,434.14535741032813,436.15332388901237,434.66705411738604,433.5120609584898
3.2400000000000024,-0.977205589095072,4.826680382115524,21.632305031431866,0.27171025678261884,0.12422651394924689,0.0,-1.3139986526584793,4.483335577232747,5.191558505188673,0.09773460162330727,0.07137833516120612,0.0,433.64754100876434,434.7701798132574,435.3558982325749,435.9434332650848
3.3000000000000025,-1.058185535240404,5.099904164770036,21.942541167156847,0.2779104545765563,0.1285438214201271,0.0,-1.385683228926382,4.624439726524545,5.149366738906676,0.10893461540835048,0.07253163357085682,0.0,436.748450527965,436.84871541896433,435.3507411039066,436.29621902418415
3.3600000000000025,-1.1442216546019643,5.383110737114954,22.25524536496242,0.2845887060450094,0.13266927183204835,0.0,-1.4825068313011058,4.816018006709075,5.272795096820024,0.1136719041193312,0.06498513629880172,0.0,490.07433952333133,489.5162275289537,489.3313887971382,489.6935494077533
3.4200000000000026,-1.2355673440197452,5.6766854373247915,22.571089009736827,0.29163377816138425,0.1356660191945025,0.0,-1.562604266099793,4.970153392222307,5.254833335949148,0.12116069936132318,0.03491172604781909,0.0,449.4216969317081,446.97901095384395,447.23981401746835,447.86145893076775
3.4800000000000026,-1.3315758791291215,5.979192954356427,22.884470974968952,0.29875995749059747,0.13692340468130304,0.0,-1.637809500985401,5.11381961994694,5.191017939673236,0.11638068046533986,0.007002807221406273,0.0,434.4700387348793,432.1233648991853,434.0327279094756,433.64453213840494
3.5400000000000027,-1.4325918781778548,6.291420757682257,23.197288884775773,0.30596779269269536,0.13727032537710215,0.0,-1.729343126356593,5.294068501609136,5.235363806465706,0.12387728576222821,0.004561169363019709,0.0,470.63042821315145,470.44126001294546,468.3483619314244,468.9431011635681
3.6000000000000028,-1.5385210338401218,6.613280065627164,23.508669223920258,0.3129394357275235,0.1373474331141571,0.0,-1.801671390433073,5.434961237688324,5.143927679815671,0.10851742082994575,-0.0019911168172161466,0.0,426.82123508803136,426.26146868353635,427.0055430717561,425.70622872613706
3.660000000000003,-1.649108937009573,6.944362859521083,23.81670307456336,0.31884927282809716,0.13715381026280937,0.0,-1.8845519022093402,5.601356191628257,5.123408037158101,0.08848438781034668,-0.004463055222583563,0.0,450.44831091660785,450.2483731016629,451.7669471450247,450.1572113438764
3.720000000000003,-1.764954454176462,7.286137086646584,24.125438183469413,0.3242556380812385,0.13657767889998862,0.0,-1.9768409756910685,5.791187589431951,5.166926722965139,0.09172677847035178,-0.014741452223181893,0.0,472.53101334119737,471.7379259066987,472.42719429344726,472.6833651872744
3.780000000000003,-1.8860171360469662,7.638638089060515,24.434604547462083,0.33019443910386403,0.1355041812379172,0.0,-2.0584800794792453,5.959025421140615,5.138209717536168,0.10622831990042089,-0.02104164985409362,0.0,450.91467656239587,450.40538379932036,450.20133006875204,451.3812860196339
3.840000000000003,-2.012382691282172,8.002267231388323,24.74492129244062,0.33648044710450975,0.13493937648168242,0.0,-2.153522481351248,6.162038665767324,5.2046078343777795,0.10330636993308948,0.002214636737506711,0.0,482.4740300167525,484.2272049307946,481.2562993063876,481.0437850426352
3.900000000000003,-2.143933120535949,8.37690055999556,25.055605454829482,0.34311181180668004,0.13480982505487749,0.0,-2.2314891363058296,6.325968306025995,5.1511971543523405,0.11773354462384666,-0.006533332172852177,0.0,445.7603242086316,445.04469195468465,445.51922418884163,446.7078370592292
3.960000000000003,-2.279930024951996,8.760849404019128,25.361426551229915,0.3498666664431962,0.13478699300057162,0.0,-2.301779709103994,6.472638644079612,5.042840366468346,0.1074325226553058,0.005772632124881065,0.0,427.1099445275391,428.1585501440773,427.9710923930402,427.105384695108
4.020000000000002,-2.42084950299104,9.155414869707482,25.66555092979171,0.3553318847328111,0.1350733938389288,0.0,-2.395471778056558,6.679525354677878,5.093610888024237,0.07475247454783503,0.003774014266755785,0.0,480.42696996642155,480.27527628882,481.98015424840486,479.5105783493284
4.080000000000001,-2.5664773480112375,9.560067960045231,25.96631821862859,0.35907418045252104,0.13509366749447338,0.0,-2.458905644517113,6.809080716833901,4.932444417400822,0.049996249701716615,-0.0030984562381451263,0.0,410.69092649372175,410.0806787929618,412.0915654693679,409.90041723291506
4.14,-2.716701699904977,9.974512714675955,26.262811686794002,0.36205763791621415,0.1345850676375182,0.0,-2.548486942423122,7.005490243199484,4.950031111791361,0.04945241605780903,-0.013855059645218189,0.0,471.56261442350814,470.7308476821019,470.9428408127484,470.9021628841054
4.199999999999998,-2.8719245769864066,10.399755822378461,26.557773047656642,0.3643766212003383,0.133821553751587,0.0,-2.6255834068365873,7.1691511291956855,4.881969798954677,0.027849732446124875,-0.011595425228962468,0.0,443.8248848320413,444.010478426096,444.94226155158555,443.1706320602386
4.259999999999997,-3.031894877032762,10.835119126256904,26.849516418331547,0.3669210013588806,0.13335244387914624,0.0,-2.706726633165199,7.342735691147652,4.842588166324756,0.05695985237590333,-0.004041518361153531,0.0,453.973496046131,454.57951076572647,452.0547736864746,454.3958018523073
4.319999999999996,-3.1963289497005767,11.279785136170513,27.136051907972302,0.37043828240135923,0.13433186300045197,0.0,-2.774539145933025,7.479512941769905,4.708908305550713,0.06028221968071808,0.03668884305794146,0.0,419.5553441499098,423.0780265058362,421.7339879928275,422.0234820326715
4.379999999999995,-3.3655021075082057,11.734365460918868,27.418992533096638,0.3739188332559591,0.13597572014439763,0.0,-2.864680314366378,7.67289816163355,4.721736741520412,0.0557370016541696,0.01810782618423925,0.0,471.63039295092716,470.19296345163866,471.2127959064408,470.8634011374313
4.439999999999993,-3.5399017151601018,12.19996261926114,27.701209250675404,0.37796159787218464,0.13701782932386486,0.0,-2.9487243730740045,7.846858016780317,4.6851020556357925,0.07901695810102725,0.016629186231040545,0.0,456.57596154271715,456.4578602706867,454.99560639826655,456.85899281527855
4.499999999999992,-3.7190721152046162,12.675201417402667,27.97920508408469,0.38256324797195607,0.13810392868038246,0.0,-3.023757060311125,7.994473704066401,4.581443124007451,0.07437261216361048,0.019574042188374333,0.0,434.0359093894393,434.2830032672571,434.3421489047698,433.9572664312654
4.559999999999991,-3.90316834442571,13.160366230627984,28.25362125438022,0.3871949350715509,0.13927596224518624,0.0,-3.112856238591595,8.17752941135412,4.5651653859854795,0.08001549645777821,0.01949374608422437,0.0,465.1692410501907,465.16289314077363,462.49199428824,462.94069080718845
4.6199999999999894,-4.092093540906528,13.6550508206569,28.52343476587096,0.39190332982918097,0.14041015307291183,0.0,-3.1848192933580766,8.312044374951196,4.428843620780635,0.07693183533258383,0.018312655949508747,0.0,424.70350439012935,424.6021266215364,423.05975067600116,422.7994019413981
4.679999999999988,-4.2862169259463805,14.160112259218627,28.790640772391473,0.39675396866281787,0.14129461455164627,0.0,-3.28595576659338,8.523029868910776,4.476941095213974,0.08475401047765255,0.01116952448779001,0.0,485.84040992632,485.3042828412076,485.57198755581777,486.1630821006312
4.739999999999987,-4.486347711442651,14.677616509172694,29.06014141021068,0.40176173016228134,0.14195645076608976,0.0,-3.3850528080909523,8.726848903848113,4.505430128801214,0.0821721165990529,0.010891682511658663,0.0,482.00868188166555,481.98754233599686,481.678023572383,481.48782838177146
4.799999999999986,-4.692855818938572,15.208478587933763,29.33393346431198,0.40662397342479384,0.14414943655521295,0.0,-3.49854658930365,8.968042711955812,4.619308156399178,0.07990328577074976,0.06220453938156158,0.0,508.5881299766065,512.2514116984619,510.60528002592804,510.4477700418655
4.859999999999984,-4.905127884879942,15.750811922823672,29.60752116218445,0.41045902065012374,0.14811164975296442,0.0,-3.5775214275129246,9.109674440987453,4.500330226526084,0.047939055257467805,0.06986758722751121,0.0,437.07226070189193,437.7138382260657,439.854252221746,437.2019486121783
4.919999999999983,-5.122169501143417,16.301514333312458,29.87374108217115,0.41349040133451,0.15335149044069052,0.0,-3.6576069193532463,9.246927430840648,4.373821991801679,0.053106165947567105,0.10478394368909692,0.0,433.6346416110106,436.56454459646443,434.8257165872554,435.26012205840215
4.979999999999982,-5.344319748263268,16.86097420857994,30.13365132885127,0.41726670866137816,0.15922955507848968,0.0,-3.747862488032503,9.40149290298378,4.289606365442371,0.0727669340453429,0.09115638074890237,0.0,449.36266618213284,448.2648126887531,449.80545161682346,451.3978594435503
5.0399999999999805,-5.571722429676554,17.429032585421727,30.387028214576272,0.42272087647701984,0.16469236932407672,0.0,-3.832656061330683,9.533771478377494,4.156307627033722,0.10902796324056253,0.0909374973995265,0.0,433.0200184150628,433.00879756966646,431.48873237995815,434.54646071710806
5.099999999999979,-5.804941610424977,18.006613980136006,30.635900870153677,0.42992007973188695,0.1707925929664782,0.0,-3.941707399350361,9.718763347083147,4.138388374123146,0.13093633681455927,0.11239588618457967,0.0,471.59915281712586,473.2618960947998,472.96576740089614,474.66184964997996
5.159999999999978,-6.044088192586316,18.593581954267282,30.879820940568223,0.43838018814137225,0.17708012654917304,0.0,-4.030301295499811,9.847008826283027,3.992097941380353,0.1510571229364513,0.0971944119366425,0.0,430.83417527161987,429.55705231226705,430.91749586833055,432.63381618593155
5.219999999999977,-6.289089240130071,19.189349805230776,31.117186104631603,0.44738923724510116,0.18285491049205493,0.0,-4.136769732375674,10.011960061496392,3.919222656225787,0.14924551733618996,0.09529903096637818,0.0,457.53096711470096,457.38765568345775,457.98203781573426,457.8584371645748
5.279999999999975,-6.540356959957658,19.79456680572452,31.349065015209423,0.45645421428937194,0.18792986321125849,0.0,-4.239171787941975,10.162037045106533,3.809504568160457,0.15291834738439716,0.0738726479054142,0.0,447.15851882904764,445.4154680594707,446.96468012106544,447.28515867443093
5.339999999999974,-6.79850925399812,20.41036841893408,31.577409516240305,0.46572555713712305,0.19312091408816734,0.0,-4.366142858285538,10.364521040312564,3.8005228386366863,0.15612459924511896,0.0991552556409334,0.0,481.74212932993703,483.65566587333257,482.6893197869118,482.9516197483872
5.399999999999973,-7.06381915838952,21.03710172999725,31.802575411671857,0.47530410531202794,0.19975838261251866,0.0,-4.47790592655646,10.526596899575793,3.7041710475141665,0.16315622090137546,0.12208496563747503,0.0,455.91591538599977,457.7546499054138,455.24118873854474,455.82683315682704
5.4599999999999715,-7.336234849648483,21.674272613083282,32.0231707347361,0.48386097068148093,0.20718932987287797,0.0,-4.603034902660574,10.71223091556341,3.647792992400285,0.1220951654090352,0.12561170748978845,0.0,472.4560255277237,472.7407317547574,473.2873382440376,470.13504892706135
5.51999999999997,-7.616081558314308,22.32216697352901,32.23947349466538,0.49000346465198596,0.2140746183039779,0.0,-4.725625135213358,10.883926218231489,3.5615310880224627,0.0826699519735592,0.10390715023701455,0.0,465.46359772977814,463.773240315593,465.5374054366418,462.4511099293437
5.579999999999969,-7.903188722260296,22.979900693297107,32.44973614593843,0.4952222384276208,0.22022294318736968,0.0,-4.8450305304596455,11.040203380173114,3.446832198461525,0.09128662238854683,0.10103806024398972,0.0,455.96290008881573,455.7424580737704,455.3254239363526,456.020341472184
5.639999999999968,-8.198387107929836,23.648731625377817,32.656333434991694,0.5006399153662748,0.22621495556764426,0.0,-4.9951986926285405,11.253441123516675,3.4383807988546753,0.08930323147111055,0.09869651035695967,0.0,493.2164511946929,493.0510049123167,494.0895926742473,493.9492696196744
5.699999999999966,-8.500337850672697,24.325398876344607,32.853378851276716,0.5056287930453163,0.23240131004662157,0.0,-5.070443205577267,11.302496558801503,3.1310570547319805,0.07699637208110663,0.10751209345532123,0.0,383.6343967654072,384.48168821614064,385.15964399744144,384.00056995057315
5.759999999999965,-8.809267254526224,25.009839608082242,33.04082354739421,0.5094451293111346,0.23963776082818988,0.0,-5.227563516313769,11.511316324034496,3.1158537499281476,0.05022084401230881,0.1336920543896445,0.0,490.18621321389753,492.1392610998063,493.64360466724685,491.6661589733295
5.819999999999964,-9.126254537827434,25.703742010162653,33.22196310477027,0.5127050123291559,0.24806629134623748,0.0,-5.339296599570249,11.61852065224264,2.922454509981418,0.05844053779226585,0.1472520954128951,0.0,430.82213582994507,431.98597227919043,429.0197967526,429.71939354692097
5.879999999999963,-9.449792075096775,26.403487109317865,33.39060018502392,0.5163720400577683,0.25678646167777597,0.0,-5.4459445207066945,11.706197241902961,2.6992941278906084,0.06379265938845313,0.1434223101698326,0.0,417.91069440970045,417.5980283699054,417.8248485960193,418.2942252877995
5.939999999999961,-9.78138122007624,27.111310844829152,33.55095047910263,0.5190720628227687,0.26520840607854357,0.0,-5.607511230530151,11.887036793711959,2.6447894229625235,0.026214062024046997,0.13731232250795516,0.0,480.59915613836426,480.15262675053947,480.6929683934141,477.837286855749
5.99999999999996,-10.122576993732324,27.829453034028138,33.70726109325216,0.5204886131615885,0.2749823405568117,0.0,-5.766260661881377,12.05011173025016,2.56495972458537,0.021004558038036813,0.1884564567750492,0.0,471.9040552374779,475.8580766241311,471.9673211738777,471.5649644368822
6.059999999999959,-10.472382946617318,28.555363891874002,33.85547328590754,0.522452856819541,0.28583681739367695,0.0,-5.894695355567708,12.14647693298786,2.375696546017151,0.044468525384326614,0.17336978167618616,0.0,435.07259900937584,433.84055128677534,431.63675129778625,433.61359727781837
6.1199999999999575,-10.830288573278787,29.287382793257077,33.993086608615336,0.5245929447945574,0.29665797054943166,0.0,-6.0361981122754065,12.253617569055645,2.2113756636295787,0.026869690942063477,0.18732605953726666,0.0,442.1973243078663,443.37668464309775,443.3516491144185,441.90345261615045
6.179999999999956,-11.19744135608465,30.026708719107017,34.122551891416016,0.5255966266283902,0.3076288211638536,0.0,-6.202913233115434,12.38968194781579,2.1036515249126095,0.00658709986448054,0.1783751148692523,0.0,463.30664262238406,462.6335371948643,465.9710312282565,464.3820909359562
6.239999999999955,-11.574355893365778,30.773415563128392,34.244435779638806,0.5258057446207536,0.3189914744339699,0.0,-6.361654854491305,12.499764138721185,1.9590508981557064,0.0003833449054628205,0.20036474203064727,0.0,450.1895317969242,451.99894073602945,451.81747018684786,451.3167335245555
6.299999999999954,-11.959128396206504,31.523815858802998,34.35288353194533,0.5260356828934123,0.3312783294822905,0.0,-6.465071783250829,12.5135691601268,1.6571292531535762,0.007281458582267585,0.20919031962886067,0.0,386.727026060385,387.6050907377272,386.49687044567173,387.14675557971884
6.359999999999952,-12.352344586841157,32.277996519526845,34.448552559048075,0.5264859275847726,0.34364450428845217,0.0,-6.642906504445811,12.624864546874623,1.5314450051972004,0.007726703821789206,0.20302031027360654,0.0,456.7268505478117,456.2752504059053,455.61992397484676,455.6554192471162
6.419999999999951,-12.75555637675765,33.03751108379522,34.534611376321315,0.5262036308457478,0.35580929558730734,0.0,-6.798348449865824,12.69168568030914,1.3374197739036018,-0.017137212654659607,0.20247315048513567,0.0,430.82411513993026,430.81961064322604,430.7833264682589,428.6747413654306
6.47999999999995,-13.168484881442179,33.8011930822129,34.60957360841874,0.5252968750457754,0.36767354285719733,0.0,-6.96679495929397,12.763633068236016,1.1614512709816665,-0.013088065063108523,0.19300884222968948,0.0,438.56739247431176,437.8197957309757,435.2782108044936,435.61717730502176
6.5399999999999485,-13.593145292611766,34.57092012534576,34.67724245153462,0.5248493673492485,0.37968456522764793,0.0,-7.189211043739956,12.89262952431891,1.09327362361131,-0.0018287743686639046,0.2073479604571406,0.0,477.52159824856363,478.6498161283203,477.21786318828055,478.07698433562103
6.599999999999947,-14.031341672555914,35.34819693066627,34.740755035526725,0.5248640457205909,0.3918586411823588,0.0,-7.417974079784346,13.01530725883712,1.0228005905827213,0.002318225193189889,0.1984613780549482,0.0,480.5712007146738,479.93449264983235,478.3366723470823,478.65250932679845
6.659999999999946,-14.482539464702864,36.13155275236031,34.79806558859453,0.5255820995798857,0.4030516169311591,0.0,-7.622645915860121,13.095645995396579,0.8870753347770258,0.021617066337467707,0.17465477453541542,0.0,458.0445513805125,456.1808837812071,456.70161675195413,458.23888344603245
6.719999999999945,-14.94839917152668,36.92218567014883,34.851671227950476,0.5269878063673739,0.4123935254815514,0.0,-7.906210412017791,13.25719570191204,0.8978862535301585,0.02523966854410812,0.13676474700089644,0.0,513.4939473454882,510.8193206205061,512.3214042722258,512.5789677989175
6.779999999999943,-15.429367880311982,37.71998002341176,34.90174598619716,0.5277932554115932,0.4195463858746278,0.0,-8.126565095525812,13.335099048653994,0.7707685782427072,0.0016092223945299404,0.1016797862630885,0.0,468.18872703403724,465.4633109334931,466.7721829921928,464.9235503753041
6.839999999999942,-15.922576902118951,38.521060456525625,34.94202123944891,0.5281874107621043,0.42621031510493257,0.0,-8.314467939161421,13.367092621156566,0.571990805108515,0.011529514684576254,0.12044395366590419,0.0,439.0314408223179,440.59669394379915,437.8743619843518,438.6991700810985
6.899999999999941,-16.427740860909438,39.324550547431805,34.9714207390632,0.5294226499487849,0.43293633490896255,0.0,-8.524923306500737,13.41525138501015,0.40779510172515676,0.029644643307384616,0.1037635864801715,0.0,452.8423607609769,451.50954125407867,452.16420283595465,453.6218388501663
6.95999999999994,-16.946713193199198,40.13196342264469,34.99290741713139,0.5313543649002339,0.43882025375248723,0.0,-8.774449866460786,13.497576877356778,0.3075602750137923,0.0347454483227796,0.09237104626657407,0.0,480.01285159490885,479.1549807613079,476.1860707664319,476.5765451772425
7.019999999999938,-17.480014351248464,40.943374616354085,35.00692194990954,0.5334662566728561,0.44387590387221376,0.0,-9.002701621976582,13.548795649182907,0.15916203461276968,0.03565085784044693,0.07615550703611354,0.0,462.42892454847953,461.1551986267327,461.3725581279569,461.4445440413739
7.079999999999937,-18.029843060170535,41.760654309446124,35.01690235894694,0.5356284633494015,0.44851217738139315,0.0,-9.324673381034405,13.692357020202296,0.1715413085433433,0.03642262527925633,0.07838636998148846,0.0,521.7289600357282,521.8884719619282,522.5417665369705,522.5959445361611
7.139999999999936,-18.594137081415326,42.58115584126951,35.01866205448263,0.5374649442125499,0.4536512975257345,0.0,-9.48615850673213,13.657713432100405,-0.11205565306675137,0.024794430613409052,0.09291343067863994,0.0,410.0776239347925,411.373007644529,412.54430868334754,411.5162165176307
7.1999999999999345,-19.170088244760723,43.401417235482,35.006655760362534,0.5386865279826623,0.45989725665714687,0.0,-9.712837266168764,13.683691311355052,-0.28840668566853744,0.01592541276238412,0.11527727537509573,0.0,453.7597566702147,455.56085330830393,454.8955888866262,454.18449240614035
7.259999999999933,-19.75980874107929,44.22314187119779,34.98408120115624,0.5391314909267351,0.4661166325923194,0.0,-9.945180919547862,13.706418377119563,-0.46434530957949766,-0.0010933592823362225,0.09204415230231819,0.0,456.89218058330135,455.04510574518247,455.6896334558378,454.3263977322477
7.319999999999932,-20.36378007882434,45.04626010792502,34.951195852793866,0.539300653066026,0.47182317169977406,0.0,-10.187860068755947,13.730086724624831,-0.63213006452243,0.006732384434611976,0.09817180012868597,0.0,459.3601853327305,459.85324987111744,458.83732776089505,459.4584524513384
7.379999999999931,-20.980667768932847,45.86885656450962,34.905194156988884,0.5391605378267474,0.4775401801632677,0.0,-10.376190081742996,13.689577926807267,-0.900646822660868,-0.011403414951895662,0.09239711468088091,0.0,418.46383626320113,417.96912533458027,418.0322380351623,416.44804600953006
7.439999999999929,-21.610948011397596,46.69081545914007,34.84628369243078,0.5386245956185354,0.4825407855788635,0.0,-10.633853323858155,13.708207106878337,-1.0633936095560075,-0.0064613002418040565,0.07429513792582387,0.0,461.32039037549697,459.89402969156004,460.67590060795317,461.06682874643616
7.499999999999928,-22.25428481782278,47.511236933818246,34.7733726658652,0.5383752099851469,0.48666614142795694,0.0,-10.812080398457642,13.63915829703764,-1.3660375745001807,-0.0018514597690277462,0.06321937895408648,0.0,402.28919728863394,401.28888822701185,400.63182087310526,401.05106346188603
7.559999999999927,-22.91156470427956,48.330384937621126,34.68729983622408,0.5381355267518142,0.49018641428776544,0.0,-11.097841589405856,13.664843283787722,-1.5036784267455725,-0.006138115475882406,0.0541248173468035,0.0,469.29329381143845,468.5888802521597,470.14005499263294,469.80772069415684
7.6199999999999255,-23.584506406244465,49.1493448912337,34.59026197217673,0.5379349446486943,0.49341962409791584,0.0,-11.334618578884358,13.633383994407025,-1.7307347193634337,-0.0005478142153472305,0.053648924721160444,0.0,433.8982823029481,433.86031137015635,434.21793444019306,434.68696636806703
7.679999999999924,-24.27258972007405,49.96701026288877,34.48077603353094,0.5376732263350412,0.4966341570345927,0.0,-11.602390520362736,13.621460201646618,-1.919032973676837,-0.008176364186606935,0.0535021980327264,0.0,450.0515696911403,450.0415398127788,450.5965736260391,449.979215035444
7.739999999999923,-24.978230353991297,50.785050836647905,34.36200737864726,0.53579120155384,0.5001009115384791,0.0,-11.919630064037811,13.645430042766678,-2.0407425673003683,-0.05455553311882832,0.062054759047442,0.0,477.19835560113563,477.85297338037793,479.62424195098816,476.08705140896626
7.799999999999922,-25.702217260370688,51.60350910655937,34.234463294211245,0.5316344920582559,0.5029906167158904,0.0,-12.21438155862343,13.63554847648227,-2.2109609261168814,-0.08399523644265862,0.03427333633654902,0.0,461.1411387780989,458.9421164721112,461.6421762091935,459.309273648537
7.85999999999992,-26.44238637464411,52.419578221527566,34.09394360541686,0.526201698780473,0.5048599283612001,0.0,-12.459695998613823,13.56634120366514,-2.4723376905179615,-0.09709383419035204,0.028037586143253378,0.0,421.8548182781148,421.3161879465231,422.9610917181817,421.82394724307835
7.919999999999919,-27.200047562031997,53.233590071569424,33.94164322799199,0.5204958426047144,0.5070639521346738,0.0,-12.796847774849805,13.566155876956634,-2.6048262528831114,-0.09310270656440764,0.0454283251755006,0.0,472.93780665225324,474.27637793942506,474.06091037374637,474.36044754035095
7.979999999999918,-27.974756697348965,54.04428585073036,33.775942422039,0.5152580407375646,0.5098139429144348,0.0,-13.028928340407578,13.456861864124397,-2.917654273316452,-0.08149432588977511,0.04623791997829537,0.0,398.3233817257627,398.398933577462,398.03879677362204,399.0926715899398
8.039999999999917,-28.766196259364236,54.85047051893809,33.59532684899867,0.5098854833045667,0.5124005640420801,0.0,-13.3539214151009,13.415019865188293,-3.103193552253851,-0.09758608155471958,0.03998360670733817,0.0,451.96562339120356,451.4621087089382,452.685369175421,451.38192681156767
8.099999999999916,-29.575907415843613,55.65261318548304,33.401110265290484,0.5042881919525994,0.5152166418263695,0.0,-13.638501753887436,13.322562111462252,-3.370420954712555,-0.0889931664082445,0.05388376933810027,0.0,416.4987543059963,417.7145855728212,418.4749365745005,419.21441071498475
8.159999999999915,-30.404097269896315,56.44994259492743,33.19242544815242,0.49919286959618514,0.519037418520683,0.0,-13.969614331967648,13.254223012748385,-3.5861516845109223,-0.0808533501643448,0.07347159766831625,0.0,439.66022396459636,441.2835168191479,438.8489659727608,439.5181690595676
8.219999999999914,-31.252345364034095,57.24285030226289,32.9704336315336,0.49440201277448903,0.52276384539931,0.0,-14.307199047308712,13.175199506992042,-3.8140801529091997,-0.07884243140115538,0.050747608389997645,0.0,436.87521136680374,434.9788330434708,436.2614981859122,436.42415307406236
8.279999999999912,-32.123176873483935,58.032443723300766,32.73762336741252,0.49008332995084203,0.5255114343789931,0.0,-14.722008693833123,13.143269858400389,-3.947617216051566,-0.06511708892270472,0.04084011014393112,0.0,476.52604949509856,475.7689855297251,475.1093434439083,476.15701478080666
8.339999999999911,-33.01917245338786,58.819835124948796,32.496472962155075,0.48648716362887967,0.5279528967829172,0.0,-15.146091368967873,13.101871141682357,-4.092146976864406,-0.05475719052653727,0.04054200485906107,0.0,475.2971227172663,475.27501127521975,474.84318741069217,475.6351332672448
8.39999999999991,-33.940471692690544,59.604118670682816,32.24564709010349,0.4829744099239912,0.5304395858020534,0.0,-15.56570287131264,13.039805408834495,-4.270024701188325,-0.06233321443061147,0.04234741431754169,0.0,465.32270663470194,465.4648845421063,466.985108260675,466.39143391941707
8.459999999999908,-34.88386233311197,60.38171407935308,31.978648559138616,0.47945743593112944,0.53250884328983,0.0,-15.883559240669317,12.879818580570076,-4.629820704913713,-0.054900720914205316,0.026629524827326438,0.0,392.1168741118617,390.6540634566397,391.13601265859273,391.824912364104
8.519999999999907,-35.84973684377644,61.151862829092266,31.69431123064475,0.47628035110124856,0.5331860576570602,0.0,-16.314568057094714,12.790890786168443,-4.849228826445888,-0.051002765819915155,-0.004055046609504842,0.0,453.65813573788375,451.18647656531374,452.92227156308167,453.23396393092054
8.579999999999906,-36.84149325126379,61.91613555114219,31.39588454744885,0.472862845195559,0.5328000122292291,0.0,-16.746678934385443,12.68411592984657,-5.099225395217105,-0.06291201415024364,-0.008813231837775602,0.0,442.9977166745985,442.6062095128084,444.11874448453784,443.1383900905238
8.639999999999905,-37.861673857058115,62.675338044963624,31.08519085174586,0.46888725455430613,0.5319194666717735,0.0,-17.261760378854408,12.621391287192655,-5.2589579921167955,-0.06960624956945928,-0.020538229041787117,0.0,482.4814613209728,481.59520142056977,481.50866404691584,480.9989973504538
8.699999999999903,-38.913604464254576,63.43078265291186,30.765070142901138,0.46449234843731446,0.5298129612006939,0.0,-17.805258005766696,12.558820387687069,-5.413527448377846,-0.07688887735511174,-0.049676469958391964,0.0,489.15069355431905,486.97483731394186,488.1317853755251,487.5843075636449
8.759999999999902,-39.996049765331925,64.1801842146854,30.431248034368203,0.45956775917082826,0.52659234608549,0.0,-18.280142002256337,12.42067614408256,-5.714502706293745,-0.08726124068373087,-0.05767605172838869,0.0,434.97338968286476,434.30079277742243,434.8201799147961,433.9446028924872
8.8199999999999,-41.10642802935672,64.92013654110328,30.077114641393088,0.45451600061408026,0.5235309143184645,0.0,-18.737055456558952,12.244122005691949,-6.090205718212046,-0.0811325282182231,-0.044373932750552784,0.0,403.03586443715335,404.2347434978474,404.2792836346566,404.82464898475644
8.8799999999999,-42.2451064523569,65.64938863937576,29.700276504008013,0.44959814013381205,0.5219483158369895,0.0,-19.22360383867573,12.063846687888558,-6.4717346181187585,-0.08279568342726511,-0.008382498457214317,0.0,401.54494928116554,404.7977306384168,402.656964918046,402.50024520643603
8.939999999999898,-43.41729091996522,66.37024988150247,29.3056262201323,0.44502109657476296,0.5219441157463507,0.0,-19.853129995513314,11.963432201263869,-6.685784954432991,-0.06977589999304089,0.008243009398575538,0.0,473.44053120039257,474.71849951744093,474.36101995990794,475.35566004863614
8.999999999999897,-44.626030685273015,67.0832764401921,28.89441792468642,0.44150235441448604,0.5227409509269494,0.0,-20.442868336102865,11.803065538794309,-7.023219311272575,-0.0475200714346145,0.018318122117351933,0.0,431.767990745641,432.61740809542044,432.1624860940362,434.0322145101095
9.059999999999896,-45.87110297334198,67.78644883264897,28.462498005560573,0.43862104080993625,0.5236395297445418,0.0,-21.064503909221212,11.63486211799177,-7.376486524081996,-0.048523566868002146,0.011634652240299932,0.0,432.82818595207937,432.2650191822446,432.16557433525924,432.0794875442019
9.119999999999894,-47.15438543884011,68.4791982601545,28.00868814578121,0.4360763597016213,0.5250924462870286,0.0,-21.71696525239242,11.455542131229706,-7.7531578087465975,-0.0363007832263052,0.03679494629114464,0.0,428.6998593600138,430.8333726951254,428.98364890931134,430.0195135523695
9.179999999999893,-48.479106657183245,69.16178160589523,27.53355138719081,0.4344057703581248,0.5273311725981111,0.0,-22.445787477390624,11.295538513647887,-8.088380830836972,-0.019386860882934644,0.03782915613050682,0.0,454.6082664468076,454.6917668429113,453.74804179018093,455.1040795400269
9.239999999999892,-49.84931444767719,69.83487195707961,27.03853043574929,0.43388335509266174,0.5302485110607424,0.0,-23.233407328334202,11.138806788543386,-8.416665662424963,0.0019729068820813047,0.05941254471767095,0.0,466.6331352606513,468.3166967128406,466.46551452151357,468.1312769774928
9.29999999999989,-51.265761272170344,70.4965761017685,26.519525066920206,0.43363838781960684,0.5325896194637787,0.0,-23.988163566494073,10.916271866221022,-8.887297148018801,-0.010138849350085131,0.018630158112173424,0.0,424.29480295829956,420.7788808052435,422.3541785140763,421.30784582058214
9.35999999999989,-52.73222087602021,71.14692984741372,25.976592648525177,0.4324691545775705,0.5342477241666828,0.0,-24.900630318804115,10.759742103182806,-9.2157745081483,-0.028835223147599773,0.03663905235352739,0.0,487.7278616850173,489.0715759151982,489.8445789829564,488.4518496173687
9.419999999999888,-54.251751625943356,71.78517803065509,25.408060830708692,0.4315082392455256,0.5361072694978599,0.0,-25.758774778347423,10.513157017703712,-9.739853432190023,-0.003196295769791765,0.025346800686145067,0.0,426.263752780644,425.29770637591685,426.11723553345945,428.3043135125987
9.479999999999887,-55.82460698000971,72.40825655181037,24.807248880871825,0.4315444612366379,0.5366839002825925,0.0,-26.67909316234215,10.253899309883348,-10.292112700459473,0.004403967768787463,-0.006125219718719188,0.0,429.70163531559876,427.02413334683365,427.5217411515206,428.16913024264414
9.539999999999885,-57.456926301415784,73.01690625041822,24.175736943513428,0.4311283318891128,0.5368474010933646,0.0,-27.741573240588487,10.031588002468363,-10.764514304502466,-0.018275554093646736,0.011575824564286463,0.0,472.8647744099355,474.2269288472837,474.91825243528024,473.1748744109693
9.599999999999884,-59.156211754785126,73.61238944281388,23.51623517737048,0.4297799345132116,0.5375201985108271,0.0,-28.91227514502743,9.814441144086873,-11.226443821182064,-0.026670708854139386,0.010850755524538978,0.0,493.7637289037126,493.71007598194825,495.69489215344595,495.0774045171698
9.659999999999883,-60.92407866934112,74.19134044871116,22.82134122443781,0.4295740066195961,0.5385538194363999,0.0,-30.030093885761726,9.480923521440884,-11.943420028866951,0.0198061571693796,0.02360302966839692,0.0,414.49328220300424,415.612939740885,411.76564015464584,415.85879102669384
9.719999999999882,-62.76367939683353,74.75091188298792,22.084802381842692,0.43091727809981606,0.5392302329711356,0.0,-31.304366791548684,9.167498365504567,-12.616347818476736,0.024969339098962134,-0.0010554607501277406,0.0,453.8434297442399,451.85903453897413,453.4224065428066,453.83718295785513
9.77999999999988,-64.68300452938396,75.29097788174768,21.306404084744702,0.43281201475112585,0.5393298529710133,0.0,-32.689741606119085,8.830257623838971,-13.339615971790499,0.03818758205488972,0.004376338582018196,0.0,455.9278295731133,456.3617692097756,457.1498818861971,458.2026156800755
9.839999999999879,-66.68994437898553,75.81053918077212,20.484094142953673,0.43459415672038126,0.5385229141787615,0.0,-34.227156634657945,8.483248004727109,-14.081584849828825,0.021218580967362344,-0.03127471045425283,0.0,476.59322295615806,473.85945671913623,476.96322636193594,475.6653204082459
9.899999999999878,-68.7917431306935,76.30716558796978,19.61277224553709,0.43508648770617153,0.5361117071241823,0.0,-35.855871031420776,8.065714827896901,-14.973606823849508,-0.004807387154101287,-0.04909700238668675,0.0,446.5810275376574,445.1236117074892,448.4866599483887,446.36678292188145
9.959999999999877,-70.99816918832268,76.7790212476375,18.688541982056314,0.43487191329069663,0.5350097400788094,0.0,-37.717808281809035,7.6563121476216995,-15.848150341631817,-0.0023450194174760033,0.012360614465309543,0.0,482.55924267872274,487.1777367172521,485.10491064865397,485.2899247182822
10.019999999999875,-73.31999858944604,77.22357392997212,17.705923897633767,0.4346504186195981,0.535259929381767,0.0,-39.70686512691726,7.154470975630328,-16.922343244617036,-0.005038217070731446,-0.0040212234513979485,0.0,449.19342563412727,447.8623168947829,449.6336670945481,449.41539515404645
10.079999999999874,-75.76891169777797,77.63723663595505,16.65715138328494,0.434652982305872,0.5346672685237293,0.0,-41.9594264964487,6.625230437444738,-18.056322200896666,0.005124042991168263,-0.015734293272866455,0.0,472.78323917022936,471.87965485091735,472.647191254627,473.43009451099874
10.139999999999873,-78.35878584602914,78.01582230937264,15.533180002444405,0.4343470139274146,0.5339136819706098,0.0,-44.4132049022465,5.984028188967631,-19.431587074305014,-0.015323561130363789,-0.009385332097956329,0.0,433.40367872099546,433.93732314989546,434.0459535284715,432.3257326505359
10.199999999999871,-81.10619678197892,78.35436579908844,14.32325319527051,0.4339581596404418,0.5336423673796711,0.0,-47.21900841975659,5.288143549005398,-20.92687490174066,0.0023618569527772207,0.0003416975078695591,0.0,452.1797388717187,452.9630852363627,451.302489253609,452.728426624242
10.25999999999987,-84.03334909279245,78.64850006900213,13.017853915211587,0.43488890156045645,0.5334422401225938,0.0,-50.415469413360384,4.500536832146843,-22.620060962022272,0.028662852824702288,-0.007012862458043989,0.0,455.8720440939152,455.28378343327176,454.4183813058074,456.5226560507843
10.319999999999869,-87.16699865293934,78.8926343761803,11.605104192231293,0.4354605221279897,0.5327403627331959,0.0,-54.11695484454588,3.61766231331565,-24.513044871269646,-0.00960813513629803,-0.016383094648498738,0.0,476.2353485579477,475.5179262707133,476.2769280971101,473.3396330375055
10.379999999999868,-90.53817325759012,79.07839195070225,10.067174879266913,0.4342422110657953,0.531319054604503,0.0,-58.35410623088012,2.551054957197223,-26.80219869505136,-0.031001742380248887,-0.030993246337566296,0.0,443.22455781400276,442.0216273409165,443.3509469070942,441.58895886285796
10.439999999999866,-94.18506720303817,79.19483141034374,8.380108936868877,0.43161811787002424,0.5299243979766608,0.0,-63.33543669546816,1.3014379561875926,-29.498430761576756,-0.05646514845185924,-0.01549622431765853,0.0,433.95033673426417,435.249667473285,436.8332177294296,434.70285820060735
10.499999999999865,-98.16042044548571,79.23093385307378,6.518931394035895,0.42835545141276565,0.5288283776776925,0.0,-69.34032913191868,-0.13568639451722714,-32.62744757185297,-0.052291123449878234,-0.021037653037667806,0.0,464.5311793857839,464.0963536534661,465.88344749075543,466.2079445722148
10.559999999999864,-102.53261915841773,79.17210617612943,4.45006107291867,0.4265783737203117,0.5273966780718409,0.0,-76.61915688118836,-1.875812616788536,-36.44969631422451,-0.0069494561391583946,-0.026685406342635064,0.0,458.8609452145221,458.4121748712966,456.4811629938293,460.08584817909093
10.619999999999862,-107.3916648398816,78.99743035976466,2.1262352596773977,0.4267567483194048,0.526315411242293,0.0,-85.65066597059916,-4.018236582499953,-41.16855195801594,0.01289590230483922,-0.009357482959809994,0.0,462.5643664445326,463.9274668993025,462.7098653158764,464.2701730771626
10.679999999999861,-112.86115037775197,78.67700077508245,0.0,0.42787046280829166,0.5253511441472334,0.0,-97.09584599937418,-6.766254394161203,-47.209856777213616,0.024227654475891508,-0.022784598183730846,0.0,446.92751708782856,445.8314493472782,445.1037992365623,446.0305166223725
